8.264801502227783203e-01
8.866994380950927734e-01
9.101341962814331055e-01
8.807493448257446289e-01
8.199705481529235840e-01
8.128748536109924316e-01
7.701602578163146973e-01
7.055442333221435547e-01
6.480117440223693848e-01
6.462470293045043945e-01
6.441921591758728027e-01
5.774180889129638672e-01
5.563580393791198730e-01
5.604934096336364746e-01
5.491884946823120117e-01
5.614237189292907715e-01
5.569800734519958496e-01
5.675979852676391602e-01
5.459065437316894531e-01
5.566028952598571777e-01
